1329566542 1606
1329569210 1606
1329569449 3424
1329570049 3808
1329571003 3806
1329573307 3813
1329573541 3901
1329574792 3911
1329575782 4206
1329575926 4224
1329580689 4410
1329580726 4527
1329581014 5216
1329581151 4527
1329585810 4792
1329585830 4902
1329588567 4829
1329588753 4829
1329588785 4719
1329588956 4722
1329589373 4765
1329590105 4773
1329590154 4828
1329641793 4829
1329645172 4846
1329645318 4900
1329647023 4934
1329647135 4933
1329653348 4985
1329653566 5163
1329655153 5216
1329655162 5396
1329655845 5285
1329656421 5285
1329658538 5299
1329658564 5325
1329660442 5379
1329661693 5427
1329662283 5433
1329672156 5486
1329672815 5486
